20121213082033.2   207.561     1.000
103-121.49863 36.7602000.856 1.00
310.62297    23.6  0  00.000000
310.87752  23.619  0  00.016683
311.08173  23.628  0  00.033367
311.28376  23.652  0  00.050050
311.49697  23.711  0  00.066733
311.64840  23.725  9  00.083417
 52-122.03896 37.3478100.060 1.00
319.39805  52.656  0  0-0.13269
319.45780  52.791  0  0-0.11600
319.59832  52.899  0  0-0.09932
319.64043   53.03  0  0-0.08264
319.74427  53.167  0  0-0.06595
319.83070  53.301  0  0-0.04927
319.88694  53.414  0  0-0.03259
319.96873  53.561  0  0-0.01590
320.07733  53.648  0  00.000781
320.14385  53.814  0  00.017464
320.21204  53.945  0  00.034147
320.28417  54.061  0  00.050831
320.38971  54.185  0  00.067514
320.46351  54.324  0  00.084197
320.53708  54.463  0  00.100881
320.59575  54.562  0  00.117564
320.69182  54.713  0  00.134247
320.74597  54.827  0  00.150931
320.83320  54.947  0  00.167614
320.89323  55.069  0  00.184298
320.96345  55.186  0  00.200981
321.06417  55.404  9  00.217664
102-121.49863 36.7602000.856 1.00
310.72518  23.605  0  0-0.18152
310.85586  23.652  0  0-0.16483
311.02583   23.66  0  0-0.14815
311.24360  23.691  0  0-0.13147
311.47675   23.73  0  0-0.11478
311.66192  23.747  0  0-0.09810
311.84453  23.777  0  0-0.08142
312.09428  23.811  0  0-0.06473
312.27601  23.841  0  0-0.04805
312.49103  23.874  0  0-0.03137
312.68734  23.913  0  0-0.01468
312.88603  23.938  0  00.002000
313.11486  23.979  0  00.018684
313.32789  24.013  0  00.035367
313.55548  24.055  0  00.052050
313.78241  24.097  0  00.068734
313.99029  24.145  0  00.085417
314.23787  24.168  0  00.102101
314.46663  24.198  0  00.118784
314.65798  24.238  0  00.135467
314.84878   24.28  0  00.152151
315.08650  24.331  0  00.168834
315.29459  24.367  0  00.185517
315.51648  24.412  0  00.202201
315.72346  24.448  0  00.218884
315.94407  24.493  0  00.235567
316.13587  24.522  0  00.252251
316.35528  24.568  9  00.268934
142-121.64052 37.3415801.240 1.00
334.68118  47.758  0  0-0.13650
334.81016  47.904  0  0-0.11981
334.93393  48.041  0  0-0.10313
335.07761  48.161  0  0-0.08645
335.14685  48.334  0  0-0.06976
335.26898  48.471  0  0-0.05308
335.38608  48.599  0  0-0.03640
335.48676  48.753  0  0-0.01971
335.60729   48.89  0  0-0.00303
335.71052  49.022  0  00.013655
335.84311  49.188  0  00.030338
335.94535   49.32  0  00.047021
336.07602  49.455  0  00.063705
336.17364  49.609  0  00.080388
336.28728   49.77  0  00.097071
336.42049  49.915  0  00.113755
336.50395  50.041  0  00.130438
336.61976  50.179  0  00.147121
336.73089  50.309  0  00.163805
336.85840  50.508  9  00.180488
154-122.03896 37.3478100.060 1.00
319.22603  52.376  0  0-0.17207
319.28380  52.489  0  0-0.15539
319.33074  52.607  0  0-0.13871
319.44638  52.738  0  0-0.12202
319.49293  52.856  0  0-0.10534
319.59488  52.971  0  0-0.08866
319.64520  53.075  0  0-0.07197
319.75545   53.22  0  0-0.05529
319.83768  53.367  0  0-0.03861
319.91088  53.484  0  0-0.02192
319.99027  53.609  0  0-0.00524
320.05476  53.753  0  00.011443
320.15057  53.881  0  00.028127
320.20598  53.994  0  00.044810
320.30346  54.145  0  00.061493
320.37529  54.262  0  00.078177
320.45322  54.387  0  00.094860
320.56436  54.519  0  00.111544
320.62507  54.641  0  00.128227
320.69186  54.772  0  00.144910
320.76261  54.888  0  00.161594
320.84765  55.045  0  00.178277
320.84551  55.197  0  00.194960
320.94469  55.277  9  00.211644
-1
 0.0 0.0 0.0 0.0 0.0 0.0 0.0
RFIX
 
