20121213084159.0   212.933     1.000
141-121.64052 37.3415801.240 1.00
167.28011  16.384  0  00.000000
166.97004  16.485  0  00.016683
166.60929  16.633  0  00.033367
166.22711  16.775  0  00.050050
165.90861  16.891  0  00.066733
165.52790  17.058  0  00.083417
165.18858  17.147  0  00.100100
164.83395  17.272  0  00.116783
164.49242  17.418  0  00.133467
164.17730  17.563  0  00.150150
163.79491  17.653  0  00.166834
163.41659  17.864  0  00.183517
163.06980  17.986  0  00.200200
162.75988  18.115  0  00.216884
162.51293   18.27  0  00.233567
162.03296  18.428  9  00.250250
144-121.64052 37.3415801.240 1.00
166.61823  16.506  0  00.027819
166.46860  16.626  0  00.044503
165.85844  16.759  0  00.061186
165.45411  16.928  0  00.077869
165.17288  17.032  0  00.094553
164.80623    17.2  0  00.111236
164.43194  17.339  0  00.127919
164.11429  17.452  0  00.144603
163.78605    17.6  0  00.161286
163.46092   17.76  0  00.177969
163.12889  17.836  0  00.194653
162.64687  18.065  0  00.211336
162.36358  18.182  0  00.228019
162.15623  18.278  9  00.244703
 53-122.03896 37.3478100.060 1.00
226.46452  22.021  0  00.107517
226.28060  22.062  0  00.124200
226.03223  22.144  0  00.140883
225.88980  22.171  9  00.157567
 12-122.03896 37.3478100.060 1.00
226.89554  21.965  0  00.034212
226.62756  22.056  0  00.050895
226.42859  22.085  0  00.067578
226.19882  22.113  0  00.084262
225.93490  22.205  0  00.100945
225.76816  22.258  0  00.117628
225.49386  22.296  0  00.134312
225.27422  22.352  0  00.150995
225.02407   22.43  0  00.167679
224.86064  22.483  0  00.184362
224.62153  22.502  0  00.201045
224.36702  22.596  9  00.217729
-1
 0.0 0.0 0.0 0.0 0.0 0.0 0.0
RFIX
 
