20121213082401.6   208.432     1.000
 33-121.49863 36.7602000.856 1.00
120.16824  41.516  0  00.000000
120.08122   41.75  0  00.016683
119.96380  41.974  0  00.033367
119.95968  42.223  0  00.050050
119.87430  42.439  0  00.066733
119.80875  42.667  0  00.083417
119.69583  42.937  0  00.100100
119.63285   43.16  0  00.116783
119.56096  43.399  0  00.133467
119.49115  43.638  0  00.150150
119.42532  43.885  0  00.166834
119.35965  44.126  0  00.183517
119.29799  44.374  0  00.200200
119.20441  44.605  0  00.216884
119.15870  44.845  0  00.233567
119.08718   45.09  0  00.250250
119.00614  45.345  0  00.266934
118.94322  45.605  0  00.283617
118.86443  45.854  0  00.300300
118.80356  46.108  0  00.316984
118.72897  46.358  0  00.333667
118.67614  46.583  0  00.350350
118.60545  46.835  0  00.367034
118.54273  47.063  0  00.383717
118.49978  47.304  0  00.400400
118.43851  47.489  9  00.417084
 82-121.64052 37.3415801.240 1.00
 68.66184    33.4  0  0-0.06868
 68.95645  33.511  0  0-0.05199
 68.92027  33.811  0  0-0.03531
 69.11261  34.097  0  0-0.01863
 69.23828  34.351  0  0-0.00194
 69.30227  34.561  0  00.014739
 69.38000  34.765  0  00.031422
 69.49294   35.06  0  00.048105
 69.54267  35.277  0  00.064789
 69.64590  35.517  0  00.081472
 69.71170  35.762  0  00.098156
 69.77744  36.007  0  00.114839
 69.87610  36.261  0  00.131522
 69.94156  36.506  0  00.148206
 70.03958   36.76  0  00.164889
 70.10131  37.019  0  00.181572
 70.19873  37.274  0  00.198256
 70.26366   37.52  0  00.214939
 70.32853  37.765  0  00.231622
 70.41232  38.026  0  00.248306
 70.50860  38.281  0  00.264989
 70.57921  38.549  0  00.281672
 70.64653   38.83  0  00.298356
 70.72020  39.084  0  00.315039
 70.78445   39.33  0  00.331722
 70.86400  39.606  0  00.348406
 70.93727   39.86  0  00.365089
 71.01041  40.114  0  00.381772
 71.07734  40.347  0  00.398456
 71.10782  40.551  0  00.415139
 71.15059  40.797  0  00.431823
 71.35528  40.935  9  00.448506
163-121.64052 37.3415801.240 1.00
 69.05716  33.812  0  00.056782
 69.09328  34.034  0  00.073466
 69.19481  34.287  0  00.090149
 69.28571  34.532  0  00.106832
 69.35496  34.812  0  00.123516
 69.44634  35.009  0  00.140199
 69.52265  35.262  0  00.156883
 69.59608  35.479  0  00.173566
 69.67204  35.732  0  00.190249
 69.76128  35.978  0  00.206933
 69.84666  36.238  0  00.223616
 69.92552  36.477  0  00.240299
 70.01389  36.724  0  00.256983
 70.07572  36.983  0  00.273666
 70.18289  37.245  0  00.290349
 70.25124  37.477  0  00.307033
 70.33521  37.738  0  00.323716
 70.38715   37.99  0  00.340399
 70.48354  38.245  0  00.357083
 70.55750  38.499  0  00.373766
 70.64681  38.781  0  00.390449
 70.72043  39.035  9  00.407133
161-121.64052 37.3415801.240 1.00
 69.40889  34.704  0  00.029361
 69.44104   34.94  0  00.046044
 69.56475  35.195  0  00.062727
 69.62428  35.419  0  00.079411
 69.65306  35.669  0  00.096094
 69.74236  35.915  0  00.112777
 69.86082  36.184  0  00.129461
 69.95286  36.417  0  00.146144
 70.02157  36.649  0  00.162827
 70.09294  36.915  0  00.179511
 70.17728  37.176  0  00.196194
 70.24221  37.422  0  00.212877
 70.32617  37.682  0  00.229561
 70.36857  37.927  0  00.246244
 70.47120  38.203  0  00.262927
 70.53902  38.435  0  00.279611
 70.62839  38.718  0  00.296294
 70.69885  38.985  0  00.312978
 70.79413  39.241  0  00.329661
 70.84580  39.494  0  00.346344
 70.90676  39.754  0  00.363028
 71.01052  40.017  0  00.379711
 71.04085  40.269  0  00.396394
 71.11987  40.496  0  00.413078
 71.17764   40.77  0  00.429761
 71.11175  40.877  9  00.446444
172-122.03896 37.3478100.060 1.00
 45.71160  19.293  0  0-0.02338
 45.72393  19.513  0  0-0.00669
 46.06770  19.679  0  00.009991
 46.35780  19.898  0  00.026675
 46.63470  20.075  0  00.043358
 46.91057  20.267  0  00.060041
 47.15936   20.44  0  00.076725
 47.44821  20.638  0  00.093408
 47.71275  20.831  0  00.110092
 47.99579  21.043  0  00.126775
 48.27254  21.243  0  00.143458
 48.52594  21.436  0  00.160142
 48.75854  21.638  0  00.176825
 49.06267  21.851  0  00.193508
 49.28685   22.04  0  00.210192
 49.56595   22.26  0  00.226875
 49.80405   22.47  0  00.243558
 50.04040  22.693  0  00.260242
 50.29034  22.909  0  00.276925
 50.52022  23.132  0  00.293608
 50.78250  23.369  0  00.310292
 51.00390  23.566  0  00.326975
 51.24202  23.797  0  00.343658
 51.45886  24.008  0  00.360342
 51.69012  24.226  0  00.377025
 51.90394  24.479  0  00.393708
 52.12876  24.683  0  00.410392
 52.28470  24.863  0  00.427075
 52.56950  25.066  0  00.443759
 52.78934   25.34  9  00.460442
 14-122.03896 37.3478100.060 1.00
 44.74895  18.948  0  0-0.09578
 45.07763  19.157  0  0-0.07910
 45.51058  19.394  0  0-0.06241
 45.90329  19.496  0  0-0.04573
 46.03094  19.695  0  0-0.02904
 46.31528  19.886  0  0-0.01236
 46.65855  20.095  0  00.004322
 46.90787  20.253  0  00.021005
 47.08478  20.457  0  00.037688
 47.43030  20.646  0  00.054372
 47.69260  20.825  0  00.071055
 47.94045  21.053  0  00.087738
 48.21339  21.225  0  00.104422
 48.46939  21.432  0  00.121105
 48.75854  21.638  0  00.137789
 49.00716  21.846  0  00.154472
 49.25071  22.041  0  00.171155
 49.53012  22.262  0  00.187839
 49.75150  22.479  0  00.204522
 49.98686  22.688  0  00.221205
 50.18556  22.913  0  00.237889
 50.44847  23.108  0  00.254572
 50.71155  23.344  0  00.271255
 50.95119  23.547  0  00.287939
 51.18986  23.778  0  00.304622
 51.39089  23.997  0  00.321305
 51.57331  24.223  0  00.337989
 51.83643  24.454  0  00.354672
 52.06188  24.658  0  00.371355
 52.36753  24.895  0  00.388039
 52.34773  25.156  0  00.404722
 52.69123  25.289  9  00.421405
-1
 0.0 0.0 0.0 0.0 0.0 0.0 0.0
RFIX
 
