20121213082134.5   207.817     1.000
162-121.64052 37.3415801.240 1.00
116.03409   50.37  0  00.000000
115.97344  50.602  0  00.016683
115.91832  50.874  0  00.033367
115.89290  51.058  0  00.050050
115.82329  51.263  0  00.066733
115.76283  51.515  0  00.083417
115.74705  51.714  0  00.100100
115.70314  51.939  0  00.116783
115.64008   52.12  0  00.133467
115.61714  52.356  0  00.150150
115.56156  52.578  0  00.166834
115.52937  52.819  0  00.183517
115.49733  53.002  0  00.200200
115.43716  53.236  0  00.216884
115.41402  53.435  0  00.233567
115.36427  53.659  0  00.250250
115.33869  53.876  0  00.266934
115.25276   54.13  0  00.283617
115.33663   54.27  0  00.300300
115.29470  54.503  9  00.316984
174-122.03896 37.3478100.060 1.00
125.56686  41.106  0  00.024440
125.91561  41.348  0  00.041123
125.73671  41.611  0  00.057806
125.67304  41.811  0  00.074490
125.62971  42.035  0  00.091173
125.49955  42.266  0  00.107856
125.42997  42.488  0  00.124540
125.32182  42.732  0  00.141223
125.30957  43.003  0  00.157907
125.18627  43.218  0  00.174590
125.10417  43.484  0  00.191273
125.04316  43.695  0  00.207957
124.95537   43.91  0  00.224640
124.85956  44.146  0  00.241323
124.79587  44.387  0  00.258007
124.76768  44.584  0  00.274690
124.64249  44.853  0  00.291373
124.57587  45.056  9  00.308057
 11-122.03896 37.3478100.060 1.00
125.78535  40.265  0  0-0.00837
126.05598   40.83  0  00.008318
125.88137  41.188  0  00.025001
125.85605  41.358  0  00.041684
125.77752  41.576  0  00.058368
125.67126  41.798  0  00.075051
125.61391   42.03  0  00.091734
125.52033  42.304  0  00.108418
125.47413  42.484  0  00.125101
125.42106  42.705  0  00.141784
125.30498  42.977  0  00.158468
125.19956  43.211  0  00.175151
125.16180  43.478  0  00.191834
125.05750  43.694  0  00.208518
125.01649  43.924  0  00.225201
124.90356  44.148  0  00.241885
124.84401  44.408  0  00.258568
124.74844  44.626  0  00.275251
124.70331  44.806  0  00.291935
124.71053   45.02  0  00.308618
124.52218  45.306  0  00.325301
124.47068  45.556  9  00.341985
-1
 0.0 0.0 0.0 0.0 0.0 0.0 0.0
RFIX
 
