20121213082559.1   208.923     1.000
142-121.64052 37.3415801.240 1.00
350.65112  59.814  0  00.000000
350.72687  59.946  0  00.016683
350.81609  60.097  0  00.033367
350.89276  60.239  0  00.050050
350.96753  60.371  0  00.066733
351.02255  60.516  0  00.083417
351.11927  60.656  0  00.100100
351.19771  60.818  0  00.116783
351.26819  60.931  0  00.133467
351.35635  61.092  0  00.150150
351.42035  61.236  0  00.166834
351.50332  61.368  0  00.183517
351.57854  61.521  0  00.200200
351.65197  61.664  0  00.216884
351.73680  61.815  0  00.233567
351.80956  61.958  0  00.250250
351.89366   62.11  0  00.266934
351.96716  62.263  0  00.283617
352.03895  62.407  0  00.300300
352.12195  62.559  0  00.316984
352.20321  62.701  0  00.333667
352.27536  62.855  0  00.350350
352.34586  62.998  0  00.367034
352.43747  63.149  0  00.383717
352.50860  63.303  0  00.400400
352.58942  63.456  0  00.417084
352.66985  63.609  0  00.433767
352.73871  63.752  0  00.450450
352.81719  63.895  0  00.467134
352.89657  64.048  0  00.483817
352.96326  64.183  0  00.500501
353.02846  64.307  9  00.517184
 62-121.49863 36.7602000.856 1.00
351.46761  44.282  0  0-0.03801
351.65000  44.428  0  0-0.02132
351.75952   44.57  0  0-0.00464
351.89641   44.71  0  00.012044
352.03738  44.879  0  00.028727
352.16036   45.03  0  00.045411
352.27030  45.193  0  00.062094
352.42255  45.362  0  00.078777
352.57231  45.522  0  00.095461
352.70596  45.672  0  00.112144
352.84168  45.843  0  00.128827
352.97372  45.994  0  00.145511
353.12135  46.165  0  00.162194
353.25444  46.336  0  00.178877
353.38405  46.488  0  00.195561
353.52897  46.659  0  00.212244
353.66074  46.841  0  00.228927
353.78916  47.003  0  00.245611
353.93017  47.164  0  00.262294
354.06048  47.357  0  00.278977
354.21414  47.528  0  00.295661
354.34033  47.701  0  00.312344
354.49210  47.872  0  00.329028
354.62974  48.045  0  00.345711
354.75439  48.228  0  00.362394
354.87721  48.402  0  00.379078
355.01226  48.575  0  00.395761
355.14738  48.758  0  00.412444
355.28159  48.941  0  00.429128
355.41577  49.135  0  00.445811
355.54643  49.299  0  00.462494
355.66515  49.483  0  00.479178
355.78144  49.648  0  00.495861
355.92407  49.832  0  00.512544
356.03732  49.977  0  00.529228
356.12539  50.133  9  00.545911
-1
 0.0 0.0 0.0 0.0 0.0 0.0 0.0
RFIX
 
