20121213082220.1   208.008     1.000
143-121.64052 37.3415801.240 1.00
 35.40484  35.116  0  00.000000
 35.33445  35.366  0  00.016683
 35.62648  35.556  0  00.033367
 35.74075  35.749  0  00.050050
 35.95182  35.962  0  00.066733
 36.11639   36.16  0  00.083417
 36.24206  36.359  0  00.100100
 36.35878  36.566  0  00.116783
 36.56225  36.802  0  00.133467
 36.69903  37.006  0  00.150150
 36.93861  37.198  0  00.166834
 36.98221   37.44  0  00.183517
 37.21553  37.678  0  00.200200
 37.37565  37.892  0  00.216884
 37.49831  38.105  0  00.233567
 37.66208  38.333  0  00.250250
 37.83221  38.552  0  00.266934
 37.97135  38.785  0  00.283617
 38.13865  39.004  0  00.300300
 38.28301  39.228  0  00.316984
 38.43199  39.466  0  00.333667
 38.58739  39.695  0  00.350350
 38.72221  39.906  0  00.367034
 38.87506  40.135  0  00.383717
 39.00763  40.346  0  00.400400
 39.15027  40.585  0  00.417084
 39.29385  40.801  0  00.433767
 39.44848  40.964  0  00.450450
 39.54063  41.197  0  00.467134
 39.64504  41.434  9  00.483817
 82-121.64052 37.3415801.240 1.00
 34.91904  34.769  0  00.007002
 34.75030    35.0  0  00.023685
 35.27869  35.191  0  00.040369
 35.38885  35.348  0  00.057052
 35.56599  35.537  0  00.073735
 35.69743  35.691  0  00.090419
 35.98171  35.971  0  00.107102
 35.96457  36.181  0  00.123785
 36.21026  36.394  0  00.140469
 36.38700  36.598  0  00.157152
 36.53847  36.828  0  00.173835
 36.72017  37.024  0  00.190519
 36.83989  37.245  0  00.207202
 37.00953  37.472  0  00.223885
 37.14120  37.699  0  00.240569
 37.33785  37.913  0  00.257252
 37.47476  38.131  0  00.273935
 37.67445   38.36  0  00.290619
 37.78525  38.605  0  00.307302
 37.96177  38.816  0  00.323985
 38.09964  39.048  0  00.340669
 38.23814  39.258  0  00.357352
 38.38139  39.482  0  00.374036
 38.54279  39.725  0  00.390719
 38.70470  39.945  0  00.407402
 38.86526  40.166  0  00.424086
 39.01113  40.382  0  00.440769
 39.14040  40.616  0  00.457452
 39.28615   40.81  0  00.474136
 39.50961  41.034  0  00.490819
 39.54686  41.269  0  00.507502
 39.67477  41.539  9  00.524186
172-122.03896 37.3478100.060 1.00
  2.90897   29.68  0  00.017932
  3.07293  29.874  0  00.034615
  3.31694  30.039  0  00.051299
  3.44611  30.142  0  00.067982
  3.89838  30.354  0  00.084665
  4.06607  30.439  0  00.101349
  4.24336  30.604  0  00.118032
  4.50019  30.742  0  00.134715
  4.73325    30.9  0  00.151399
  4.96564  31.048  0  00.168082
  5.24139  31.148  0  00.184765
  5.42488  31.346  0  00.201449
  5.67075  31.496  0  00.218132
  5.91158  31.667  0  00.234816
  6.16904  31.838  0  00.251499
  6.35264  31.987  0  00.268182
  6.64665  32.142  0  00.284866
  6.88086  32.304  0  00.301549
  7.09283  32.476  0  00.318232
  7.30665  32.628  0  00.334916
  7.55351  32.792  0  00.351599
  7.79437  32.977  0  00.368282
  8.01889  33.141  0  00.384966
  8.22350  33.305  0  00.401649
  8.46236  33.471  0  00.418332
  8.68137  33.636  0  00.435016
  8.89857  33.802  0  00.451699
  9.12948  33.979  0  00.468382
  9.30775  34.143  0  00.485066
  9.55250  34.323  0  00.501749
  9.68454  34.443  0  00.518432
  9.94089  34.635  0  00.535116
 10.20483  34.858  0  00.551799
 10.40459  35.046  9  00.568483
173-122.03896 37.3478100.060 1.00
  3.22762  29.927  0  00.014178
  3.52887  30.104  0  00.030861
  3.61486  30.236  0  00.047545
  3.99104  30.406  0  00.064228
  4.15268  30.541  0  00.080911
  4.46857  30.681  0  00.097595
  4.68281  30.838  0  00.114278
  4.99547  30.969  0  00.130961
  5.22638  31.118  0  00.147645
  5.39102  31.314  0  00.164328
  5.65325  31.485  0  00.181011
  5.84977  31.574  0  00.197695
  6.08453  31.774  0  00.214378
  6.32502  31.926  0  00.231061
  6.56361  32.077  0  00.247745
  6.79682   32.25  0  00.264428
  7.01305  32.401  0  00.281111
  7.25888  32.585  0  00.297795
  7.48979  32.738  0  00.314478
  7.75146  32.914  0  00.331161
  7.94220  33.066  0  00.347845
  8.14751   33.23  0  00.364528
  8.40095  33.417  0  00.381212
  8.60260  33.581  0  00.397895
  8.82260  33.736  0  00.414578
  9.05199  33.924  0  00.431262
  9.25075  34.079  0  00.447945
  9.50077  34.238  0  00.464628
  9.68924  34.424  0  00.481312
  9.95288  34.585  9  00.497995
-1
 0.0 0.0 0.0 0.0 0.0 0.0 0.0
RFIX
 
