Name LaSun_max ZHRmax     B
Boo     282.62   133   1.8     
gVe     285.0    2.4   0.12    
aCu     294.7    3.0   0.11    
aCa     310.5    2.3   0.16    
aCe     318.7    7.3   0.18    
oCe     322.7    2.2   0.15    
dLe     334      1.1   0.049  
gNo     352.3    5.8   0.19    
dPa     370.4    5.3   0.075    
Lyt     31.7     12.8  0.22    
mVi     39       2.2   0.045 
eAq     45.8     36.7  0.08    
Sco     55.2     3.2   0.13   
oSc     71.9     5.2   0.15   
Ari     76       54    0.10
Sag     88.5     2.4   0.037   
Cet     95.0     3.6   0.18   
Oph     97       2.3   0.037 
tAq     97.3     7.1   0.24   
uPh     110.5    5.0   0.25    
oCy     116.0    2.5   0.13    
Cap     121.7    2.2   0.041    
dAN     123.4    1.0   0.063    
PAu     123.7    2.9   0.26    
dAZ     124.9    11.4  0.091     
iAZ     131.0    1.5   0.07    
Per     139.49   84    0.2    
kCy     146.0    2.3   0.069    
gDo     155.0    4.8   0.18    
Aur     157.5    9     0.19  
kAq     176.5    2.7   0.11    
Eps     206.0    2.9   0.082    
Ori     207.9    25    0.12   
LMi     209.0    1.9   0.14    
Tau     222.9    7.3   0.026
zPu     231.5    3.2   0.13    
Leo     234.4    23    0.39   
PuV     251      4.5   0.034
Pho     251.7    2.8   0.3    
Mon     260.2    2.0   0.25    
Gem     261.4    88    0.39   
sHy     264.8    2.5   0 10    
Urs     270.3    11.8  0.61